0.0377058
0.0667841
0.0858522
0.0986614
0.109509
0.116943
0.119068
0.114333
0.105186
0.0930781
0.0804413
0.0696198
0.064455
0.0664266
0.0739997
0.0824004
0.0875885
0.0865345
0.0799725
0.0705705
0.0636503
0.0634888
0.0720352
0.0874211
0.103709
0.11459
0.116078
0.11112
0.104651
0.101121
0.100227
0.101608
0.104363
0.107128
0.106269
0.100189
0.0928653
0.0908564
0.0964693
0.103734
0.105064
0.0987628
0.0907328
0.0876533
0.0901559
0.0940405
0.0945753
0.0921742
0.0908247
0.095339
0.10609
0.118275
0.125924
0.126701
0.123825
0.12011
0.116277
0.11031
0.103536
0.0974892
0.0928729
0.0855953
0.0726594
0.0551159
0.0398024
0.034235
0.0415478
0.0593623
0.0819021
0.103991
0.121735
0.133353
0.14058
0.148596
0.163206
0.184349
0.206261
0.220665
0.222826
0.211381
0.187356
0.152681
0.110522
0.063659
0.0142408
-0.0368265
-0.0870196
-0.133027
-0.169684
-0.191821
-0.193685
-0.170318
-0.119239
-0.0406491
0.0623655
0.18707
0.330423
0.489106
0.652492
0.801141
0.903939
0.934394
0.877784
0.745958
0.559049
0.341694
0.105453
-0.13746
-0.376288
-0.594741
-0.779476
-0.920117
-1.00588
-1.02328
-0.954904
-0.793969
-0.547808
-0.24107
0.0991104
0.444177
0.765533
1.03292
1.21872
1.30754
1.2941
1.19489
1.03467
0.843027
0.627841
0.389796
0.132115
-0.120046
-0.337214
-0.497098
-0.595009
-0.632692
-0.615673
-0.549374
-0.443915
-0.311921
-0.167337
-0.0220698
0.115795
0.23991
0.344309
0.420489
0.460894
0.462375
0.429652
0.373958
0.308276
0.243346
0.184987
0.136185
0.0982647
0.0724967
0.0578957
0.0519365
0.0512236
0.0542184
0.0598258
0.0662018
0.07042
0.0715309
0.0719218
0.075459
0.0839623
0.0954997
0.106589
0.113698
0.115401
0.110884
0.100991
0.0868476
0.0714
0.0581802
0.0516281
0.0536847
0.0635912
0.0759683
0.0859789
0.0896554
0.088768
0.0863794
0.0875707
0.0936312
0.103813
0.113961
0.1206
0.122431
0.120628
0.118662
0.117682
0.119239
0.121387
0.124992
0.128716
0.132897
0.133413
0.126708
0.110838
0.0914053
0.0769044
0.0737271
0.08026
0.0914603
0.101479
0.107819
0.107406
0.0997763
0.0857253
0.0706957
0.0590303
0.0539038
0.0545694
0.0602107
0.0697798
0.082409
0.0964093
0.109526
0.120791
0.129364
0.134694
0.13545
0.132266
0.127388
0.123395
0.120372
0.116851
0.111852
0.106029
0.100571
0.0960272
0.0916157
0.0838674
0.0670534
0.0377058
